Reservations  Temperature   Tourists  Police
13            26            9         1
2             14            6         0
14            20            3         1
23            25            9         1
13            24            8         1
1             13            2         0
18            23            9         1
10            18            10        1
26            24            3         1
3             14            1         0
3             12            3         0
21            27            5         1
7             17            3         0
22            21            1         1
2             14            4         0
27            26            2         1
6             15            4         0
10            21            7         0
18            18            3         0
15            26            8         1
9             20            6         0
26            25            9         1
8             21            10        0
15            22            7         1
10            20            2         0
21            21            1         1
5             12            7         0
6             14            9         0
13            19            4         1
13            20            3         0


reservations = [13, 2,  14, 23, 13, 1,  18, 10, 26, 3,  3,  21, 7,  22, 2,  27, 6,  10, 18, 15, 9,  26, 8,  15, 10, 21, 5,  6,  13, 13]
temperatures = [26, 14, 20, 25, 24, 12, 23, 18, 24, 14, 12, 27, 17, 21, 12, 26, 15, 21, 18, 26, 20, 25, 21, 22, 20, 21, 12, 14, 19, 20]
tourists     = [9,  6,  3,  9,  8,  2,  9,  10, 3,  1,  3,  5,  3,  1,  4,  2,  4,  7,  3,  8,  6,  9,  10, 7,  2,  1,  7,  9,  4,  3]
polices      = [1,  0,  1,  1,  1,  0,  1,  1,  1,  0,  0,  1,  0,  1,  0,  1,  0,  0,  0,  1,  0,  1,  0,  1,  0,  1,  0,  0,  1,  0]
